Patern 1 :-

11111
11111
11111
11111
11111

Pattern 2 :- 

11111
00000
11111
00000
11111

Pattern 3 :-

01010
01010
01010
01010
01010

Pattern 4 :-

11111
10001
10001
10001
11111

Pattern 5 :-

11111
11111
11011
11111
11111

Pattern 6 :-

10101
01010
10101
01010
10101

Pattern 7 :-

11011
11011
00000
11011
11011

Pattern 8 :- 

10001
01010
00100
01010
10001

Pattern 9 :-

01110
10001
10001
10001
01110

Pattern 10 :-

11111
22222
33333
44444
55555

Pattern 11 :-

12345
12345
12345
12345
12345

Pattern 12 :-

12345
23456
34567
45678
56789

Pattern 13 :-

1  2  3  4  5
6  7  8  9  10
11 12 13 14 15
16 17 18 19 20
21 22 23 24 25

Pattern 14 :-

55555
54444
54333
54322
54321

Pattern 15 :- 

12345
23455
34555
45555
55555

Pattern 16 :-

12345
23451
34521
45321
54321

Pattern 17 :-

12345
21234
32123
43212
54321

Pattern 18 :- 

5 5 5 5 5 5 5 5 5
5 4 4 4 4 4 4 4 5
5 4 3 3 3 3 3 4 5
5 4 3 2 2 2 3 4 5
5 4 3 2 1 2 3 4 5
5 4 3 2 2 2 3 4 5
5 4 3 3 3 3 3 4 5
5 4 4 4 4 4 4 4 5
5 5 5 5 5 5 5 5 5

Pattern 19 :-

1  2  3  4  5
16 17 18 19 6
15 24 25 20 7
14 23 22 21 8
13 12 11 10 9

Pattern 20 :-

55555
4444
333
22
1

Pattern 21 :- 

11111
2222
333
44
5

Pattern 22 :-

5
44
333
2222
11111

Pattern 23 :-

12345
1234
123
12
1

Pattern 24 :-

1
21
321
4321
54321  

Pattern 25 :-

54321
4321
321
21
1

Pattern 26 :-

5
54
543
5432
54321

Pattern 27 :-

54321
5432
543
54
5

Pattern 28 :- 

5
45
345
2345
12345

Pattern 29 :-

12345
2345
345
45
5

Pattern 30 :-

1
23
345
4567
56789

Pattern 31 :- 

56789
4567
345
23
1

Pattern 32 :-

13579
3579
579
79
9

Pattern 33 :-

1
10
101
1010
10101

Pattern 34 :-

1
00
111
0000
11111

Pattern 35 :-

1
01
010
1010
10101

Pattern 36 :-

1
11
101
1001
11111

Pattern 37 :-

1
123
12345
1234567
123456789

Pattern 38 :-

1
24
135
2468
13579

Pattern 39 :-

1
131
13531
1357531
135797531

Pattern 40 :- 

2
242
24642
2468642
2468108642

Pattern 41 :- 

1
121
12321
1234321
123454321

Pattern 42 :- 

1
32
4543
567654
67898765

Pattern 43 :- 

1
2  3
4  5  6
7  8  9  10
11 12 13 14 15

Pattern 44 :- 

1
21
123
4321
12345

Pattern 45 :-

1
23
4567
89123456
7891234567891234 

Pattern 46 :- 

1        1
12      21
123    321
1234  4321
1234554321

Pattern 47 :- 

1
2 6
3 7 10
4 8 11 13
5 9 12 14 15

Pattern 48 :- 

1
2  4
7  11 16
22 29 37 46
56 67 79 92 106

Pattern 49 :- 

1
3  2
4  5  6
10 9  8  7
11 12 13 14 15

Pattern 50 :- 

1
22
333
2222
11111

Pattern 51 :- 

1
12
123
1234
12345
1234
123
12
1

Pattern 52 :- 

1
123
12345
1234567
123456789
1234567
12345
123
1

Pattern 53 :-

1
121
12321
1234321
123454321
1234321
12321
121
1

Pattern 54 :- 

*
*1*
*121*
*12321*
*1234321*
*123454321*
*1234321*
*12321*
*121*
*1*
*

Pattern 55 :- 

1       1
 2     2
  3   3
   4 4
    5
   4 4
  3   3
 2     2
1       1

Pattern 56 :- 

55555
45555
34555
23455
12345

Pattern 57 :- 

1
23
456
78910

Pattern 58 :- 

1
2 4
1 3 5
2 4 6 8
1 3 5 7 9

Pattern 59 :- 

1
2 6
3 7 10
4 8 11 13
5 9 12 14 15

Pattern 60 :-

    1
  2 3 4
5 6 7 8 9

Pattern 61 :-

11111
2222
333
22
1

Pattern 62 :-

0
909
89098
7890987
678909876
56789098765
4567890987654
345678909876543
23456789098765432
1234567890987654321

Pattern 63 :-

5432*
543*1
54*21
5*321
*4321

Pattern 64 :-

    1
   21
  321
 4321
54321

Pattern 65 :-

1
232
45654
78910987

Pattern 66 :-

1
2*2
3*3*3
4*4*4*4
4*4*4*4
3*3*3
2*2
1

Pattern 67 :-

11
12 13
13 14 15
14 15 16 17

Pattern 68 :-

             1
           2 3
         4 5 6
      7 8 9 10
11 12 13 14 15

Pattern 69 :-

1
212
32123
4321234

Pattern 70 :-

1
23
345
4567
56789

Pattern 71 :-

 1  2  3  4  5
 6  7  8  9
10 11 12
13 14
15


Pattern 72 :-

1234
2341
3421
4321


Pattern 73 :-

    1
   1 2
  1 2 3
 1 2 3 4
1 2 3 4 5


Pattern 74 :-

                  1
              4   9  16
         25  36  49  64  81
    100 121 144 169 196 225 256
289 324 361 400 441 484 529 576 625


Pattern 75 :-

*000*000*
0*00*00*0
00*0*0*00
000***000

Pattern 76 :-

1
1 1
1 2 1
1 3 3 1
1 4 6 4 1

Pattern 77 :- 

    1
   123
  12345
 1234567
123456789
 1234567
  12345
   123
    1

Pattern 78 :- 

1
2 4
3 6 9
4 8 12 16
5 10 15 20 25
6 12 18 24 30 36
7 14 21 28 35 42 49
8 16 24 32 40 48 56 64
9 18 27 36 45 54 63 72 81
10 20 30 40 50 60 70 80 90 100

Pattern 79 :-

1
1 2
3 5 8
13 21 34 55
89 144 233 377 610

Pattern 80 :- 

1 2 3 4 5
2 1 2 3 4
3 2 1 2 3
4 3 2 1 2
5 4 3 2 1

Pattern 81 :-

1
232
34543
4567654
567898765

Pattern 82 :- 

1
3 2
4 5 6
10 9 8 7
11 12 13 14 15

Pattern 83 :-

1
2 6
3 7 10
4 8 11 13
5 9 12 14 15

Pattern 84 :- 

        1
      1 2 1
    1 2 3 2 1
  1 2 3 4 3 2 1
1 2 3 4 5 4 3 2 1

Pattern 85 :-

   1
  2 2
 3   3
4     4
 3   3
  2 2
   1

Pattern 86 :-

1  2  3  4  5
16          6
15          7
14          8
13 12 11 10 9

Pattern 87 :- 

3 9 1 7 4
9 1 7 4
1 7 4
7 4
4

